$GPGSV,3,1,12,02,10,279,,03,07,151,,05,11,319,,06,14,234,*7E
$GPGSV,3,2,12,07,70,331,,08,05,099,,09,59,057,,16,07,035,*76
$GPGSV,3,3,12,23,34,088,,27,02,070,,28,17,187,,30,54,262,*7A
$GLGSV,2,1,06,78,47,234,,66,35,135,,77,65,002,,79,06,220,*61
$GLGSV,2,2,06,67,79,026,,68,27,329,*6B
$GPGGA,,,,,,0,,,,,,,,*66
$GNGNS,,,,,,NN,,,,,,*53
$GPVTG,,T,,M,,N,,K,N*2C
$GPRMC,,V,,,,,,,,,,N*53
$GPGSA,A,1,,,,,,,,,,,,,,,*1E
$GNGSA,A,1,,,,,,,,,,,,,,,*00
$GPGSV,3,1,12,02,10,279,,03,07,151,,05,11,319,,06,14,234,*7E
$GPGSV,3,2,12,07,70,331,,08,05,099,,09,59,057,,16,07,035,*76
$GPGSV,3,3,12,23,34,088,,27,02,070,,28,17,187,,30,54,262,*7A
$GLGSV,2,1,06,78,47,234,,66,35,135,,77,65,002,,79,06,220,*61
$GLGSV,2,2,06,67,79,026,,68,27,329,*6B
$GPGGA,,,,,,0,,,,,,,,*66
$GNGNS,,,,,,NN,,,,,,*53
$GPVTG,,T,,M,,N,,K,N*2C
$GPRMC,,V,,,,,,,,,,N*53
$GPGSA,A,1,,,,,,,,,,,,,,,*1E
$GNGSA,A,1,,,,,,,,,,,,,,,*00
$GPGSV,3,1,12,02,10,279,,03,07,151,,05,11,319,,06,14,234,*7E
$GPGSV,3,2,12,07,70,331,,08,05,099,,09,59,057,,16,07,035,*76
$GPGSV,3,3,12,23,34,088,,27,02,070,,28,17,187,,30,54,262,*7A
$GLGSV,2,1,06,78,47,234,,66,35,135,,77,65,002,,79,06,220,*61
$GLGSV,2,2,06,67,79,026,,68,27,329,*6B
$GPGGA,,,,,,0,,,,,,,,*66
$GNGNS,,,,,,NN,,,,,,*53
$GPVTG,,T,,M,,N,,K,N*2C
$GPRMC,,V,,,,,,,,,,N*53
$GPGSA,A,1,,,,,,,,,,,,,,,*1E
$GNGSA,A,1,,,,,,,,,,,,,,,*00
$GPGSV,3,1,12,02,10,279,,03,07,151,,05,11,319,,06,14,234,*7E
$GPGSV,3,2,12,07,70,331,,08,05,099,,09,59,057,,16,07,035,*76
$GPGSV,3,3,12,23,34,088,,27,02,070,,28,17,187,,30,54,262,*7A
$GLGSV,2,1,06,78,47,234,,66,35,135,,77,65,002,,79,06,220,*61
$GLGSV,2,2,06,67,79,026,,68,27,329,*6B
$GPGGA,,,,,,0,,,,,,,,*66
$GNGNS,,,,,,NN,,,,,,*53
$GPVTG,,T,,M,,N,,K,N*2C
$GPRMC,,V,,,,,,,,,,N*53
$GPGSA,A,1,,,,,,,,,,,,,,,*1E
$GNGSA,A,1,,,,,,,,,,,,,,,*00
$GPGSV,3,1,12,02,10,279,,03,07,151,,05,11,319,,06,14,234,*7E
$GPGSV,3,2,12,07,70,331,,08,05,099,,09,59,057,,16,07,035,*76
$GPGSV,3,3,12,23,34,088,,27,02,070,,28,17,187,,30,54,262,*7A
$GLGSV,2,1,06,78,47,234,,66,35,135,,77,65,002,,79,06,220,*61
$GLGSV,2,2,06,67,79,026,,68,27,329,*6B
$GPGGA,,,,,,0,,,,,,,,*66
$GNGNS,,,,,,NN,,,,,,*53
$GPVTG,,T,,M,,N,,K,N*2C
$GPRMC,,V,,,,,,,,,,N*53
$GPGSA,A,1,,,,,,,,,,,,,,,*1E
$GNGSA,A,1,,,,,,,,,,,,,,,*00
$GPGSV,3,1,12,02,10,279,,03,07,151,,05,11,319,,06,14,234,*7E
$GPGSV,3,2,12,07,70,331,,08,05,099,,09,59,057,,16,07,035,*76
$GPGSV,3,3,12,23,34,088,,27,02,070,,28,17,187,,30,54,262,*7A
$GLGSV,2,1,06,78,47,234,,66,35,135,,77,65,002,,79,06,220,*61
$GLGSV,2,2,06,67,79,026,,68,27,329,*6B
$GPGGA,,,,,,0,,,,,,,,*66
$GNGNS,,,,,,NN,,,,,,*53
$GPVTG,,T,,M,,N,,K,N*2C
$GPRMC,,V,,,,,,,,,,N*53
$GPGSA,A,1,,,,,,,,,,,,,,,*1E
$GNGSA,A,1,,,,,,,,,,,,,,,*00
$GPGSV,3,1,12,02,10,279,,03,07,151,,05,11,319,,06,14,234,*7E
$GPGSV,3,2,12,07,70,331,,08,05,099,,09,59,057,,16,07,035,*76
$GPGSV,3,3,12,23,34,088,,27,02,070,,28,17,187,,30,54,262,*7A
$GLGSV,2,1,06,78,47,234,,66,35,135,,77,65,002,,79,06,220,*61
$GLGSV,2,2,06,67,79,026,,68,27,329,*6B
$GPGGA,,,,,,0,,,,,,,,*66
$GNGNS,,,,,,NN,,,,,,*53
$GPVTG,,T,,M,,N,,K,N*2C
$GPRMC,,V,,,,,,,,,,N*53
$GPGSA,A,1,,,,,,,,,,,,,,,*1E
$GNGSA,A,1,,,,,,,,,,,,,,,*00
$GPGSV,3,1,12,02,10,279,,03,07,151,,05,11,319,,06,14,234,*7E
$GPGSV,3,2,12,07,70,331,,08,05,099,,09,59,057,,16,07,035,*76
$GPGSV,3,3,12,23,34,088,,27,02,070,,28,17,187,,30,54,262,*7A
$GLGSV,2,1,06,78,47,234,,66,35,135,,77,65,002,,79,06,220,*61
$GLGSV,2,2,06,67,79,026,,68,27,329,*6B
$GPGGA,,,,,,0,,,,,,,,*66
$GNGNS,,,,,,NN,,,,,,*53
$GPVTG,,T,,M,,N,,K,N*2C
$GPRMC,,V,,,,,,,,,,N*53
$GPGSA,A,1,,,,,,,,,,,,,,,*1E
$GNGSA,A,1,,,,,,,,,,,,,,,*00
$GPGSV,3,1,12,02,10,279,,03,07,151,,05,11,319,,06,14,234,*7E
$GPGSV,3,2,12,07,70,331,,08,05,099,,09,59,057,,16,07,035,*76
$GPGSV,3,3,12,23,34,088,,27,02,070,,28,17,187,,30,54,262,*7A
$GLGSV,2,1,06,78,47,234,,66,35,135,,77,65,002,,79,06,220,*61
$GLGSV,2,2,06,67,79,026,,68,27,329,*6B
$GPGGA,,,,,,0,,,,,,,,*66
$GNGNS,,,,,,NN,,,,,,*53
$GPVTG,,T,,M,,N,,K,N*2C
$GPRMC,,V,,,,,,,,,,N*53
$GPGSA,A,1,,,,,,,,,,,,,,,*1E
$GNGSA,A,1,,,,,,,,,,,,,,,*00
$GPGSV,3,1,12,02,10,279,,03,07,151,,05,11,319,,06,14,234,*7E
$GPGSV,3,2,12,07,70,331,,08,05,099,,09,59,057,,16,07,035,*76
$GPGSV,3,3,12,23,34,088,,27,02,070,,28,17,187,,30,54,262,*7A
$GLGSV,2,1,06,78,47,234,,66,35,135,,77,65,002,,79,06,220,*61
$GLGSV,2,2,06,67,79,026,,68,27,329,*6B
$GPGGA,,,,,,0,,,,,,,,*66
$GNGNS,,,,,,NN,,,,,,*53
$GPVTG,,T,,M,,N,,K,N*2C
$GPRMC,,V,,,,,,,,,,N*53
$GPGSA,A,1,,,,,,,,,,,,,,,*1E
$GNGSA,A,1,,,,,,,,,,,,,,,*00
$GPGSV,3,1,12,02,10,279,,03,07,151,,05,11,319,,06,14,234,*7E
$GPGSV,3,2,12,07,70,331,,08,05,099,,09,59,057,,16,07,035,*76
$GPGSV,3,3,12,23,34,088,,27,02,070,,28,17,187,,30,54,262,*7A
$GLGSV,2,1,06,78,47,234,,66,35,135,,77,65,002,,79,06,220,*61
$GLGSV,2,2,06,67,79,026,,68,27,329,*6B
$GPGGA,,,,,,0,,,,,,,,*66
$GNGNS,,,,,,NN,,,,,,*53
$GPVTG,,T,,M,,N,,K,N*2C
$GPRMC,,V,,,,,,,,,,N*53
$GPGSA,A,1,,,,,,,,,,,,,,,*1E
$GNGSA,A,1,,,,,,,,,,,,,,,*00
$GPGSV,3,1,12,02,10,279,,03,07,151,,05,11,319,,06,14,234,*7E
$GPGSV,3,2,12,07,70,331,,08,05,099,,09,59,057,,16,07,035,*76
$GPGSV,3,3,12,23,34,088,,27,02,070,,28,17,187,,30,54,262,*7A
$GLGSV,2,1,06,78,47,234,,66,35,135,,77,65,002,,79,06,220,*61
$GLGSV,2,2,06,67,79,026,,68,27,329,*6B
$GPGGA,,,,,,0,,,,,,,,*66
$GNGNS,,,,,,NN,,,,,,*53
$GPVTG,,T,,M,,N,,K,N*2C
$GPRMC,,V,,,,,,,,,,N*53
$GPGSA,A,1,,,,,,,,,,,,,,,*1E
$GNGSA,A,1,,,,,,,,,,,,,,,*00
$GPGSV,3,1,12,02,10,279,,03,07,151,,05,11,319,,06,14,234,*7E
$GPGSV,3,2,12,07,70,331,,08,05,099,,09,59,057,,16,07,035,*76
$GPGSV,3,3,12,23,34,088,,27,02,070,,28,17,187,,30,54,262,*7A
$GLGSV,2,1,06,78,47,234,,66,35,135,,77,65,002,,79,06,220,*61
$GLGSV,2,2,06,67,79,026,,68,27,329,*6B
$GPGGA,,,,,,0,,,,,,,,*66
$GNGNS,,,,,,NN,,,,,,*53
$GPVTG,,T,,M,,N,,K,N*2C
$GPRMC,,V,,,,,,,,,,N*53
$GPGSA,A,1,,,,,,,,,,,,,,,*1E
$GNGSA,A,1,,,,,,,,,,,,,,,*00
$GPGSV,3,1,12,02,10,279,,03,07,151,,05,11,319,,06,14,234,*7E
$GPGSV,3,2,12,07,70,331,,08,05,099,,09,59,057,,16,07,035,*76
$GPGSV,3,3,12,23,34,088,,27,02,070,,28,17,187,,30,54,262,*7A
$GLGSV,2,1,06,78,47,234,,66,35,135,,77,65,002,,79,06,220,*61
$GLGSV,2,2,06,67,79,026,,68,27,329,*6B
$GPGGA,,,,,,0,,,,,,,,*66
$GNGNS,,,,,,NN,,,,,,*53
$GPVTG,,T,,M,,N,,K,N*2C
$GPRMC,,V,,,,,,,,,,N*53
$GPGSA,A,1,,,,,,,,,,,,,,,*1E
$GNGSA,A,1,,,,,,,,,,,,,,,*00
$GPGSV,3,1,12,02,10,279,,03,07,151,,05,11,319,,06,14,234,*7E
$GPGSV,3,2,12,07,70,331,,08,05,099,,09,59,057,,16,07,035,*76
$GPGSV,3,3,12,23,34,088,,27,02,070,,28,17,187,,30,54,262,*7A
$GLGSV,2,1,06,78,47,234,,66,35,135,,77,65,002,,79,06,220,*61
$GLGSV,2,2,06,67,79,026,,68,27,329,*6B
$GPGGA,,,,,,0,,,,,,,,*66
$GNGNS,,,,,,NN,,,,,,*53
$GPVTG,,T,,M,,N,,K,N*2C
$GPRMC,,V,,,,,,,,,,N*53
$GPGSA,A,1,,,,,,,,,,,,,,,*1E
$GNGSA,A,1,,,,,,,,,,,,,,,*00
$GPGSV,3,1,12,02,10,279,,03,07,151,,05,11,319,,06,14,234,*7E
$GPGSV,3,2,12,07,70,331,,08,05,099,,09,59,057,,16,07,035,*76
$GPGSV,3,3,12,23,34,088,,27,02,070,,28,17,187,,30,54,262,*7A
$GLGSV,2,1,06,78,47,234,,66,35,135,,77,65,002,,79,06,220,*61
$GLGSV,2,2,06,67,79,026,,68,27,329,*6B
$GPGGA,,,,,,0,,,,,,,,*66
$GNGNS,,,,,,NN,,,,,,*53
$GPVTG,,T,,M,,N,,K,N*2C
$GPRMC,,V,,,,,,,,,,N*53
$GPGSA,A,1,,,,,,,,,,,,,,,*1E
$GNGSA,A,1,,,,,,,,,,,,,,,*00
$GPGSV,3,1,12,02,10,279,,03,07,151,,05,11,319,,06,14,234,*7E
$GPGSV,3,2,12,07,70,331,,08,05,099,,09,59,057,,16,07,035,*76
$GPGSV,3,3,12,23,34,088,,27,02,070,,28,17,187,,30,54,262,*7A
$GLGSV,2,1,06,78,47,234,,66,35,135,,77,65,002,,79,06,220,*61
$GLGSV,2,2,06,67,79,026,,68,27,329,*6B
$GPGGA,,,,,,0,,,,,,,,*66
$GNGNS,,,,,,NN,,,,,,*53
$GPVTG,,T,,M,,N,,K,N*2C
$GPRMC,,V,,,,,,,,,,N*53
$GPGSA,A,1,,,,,,,,,,,,,,,*1E
$GNGSA,A,1,,,,,,,,,,,,,,,*00
$GPGSV,3,1,12,02,10,279,,03,07,151,,05,11,319,,06,14,234,*7E
$GPGSV,3,2,12,07,70,331,,08,05,099,,09,59,057,,16,07,035,*76
$GPGSV,3,3,12,23,34,088,,27,02,070,,28,17,187,,30,54,262,*7A
$GLGSV,2,1,06,78,47,234,,66,35,135,,77,65,002,,79,06,220,*61
$GLGSV,2,2,06,67,79,026,,68,27,329,*6B
$GPGGA,,,,,,0,,,,,,,,*66
$GNGNS,,,,,,NN,,,,,,*53
$GPVTG,,T,,M,,N,,K,N*2C
$GPRMC,,V,,,,,,,,,,N*53
$GPGSA,A,1,,,,,,,,,,,,,,,*1E
$GNGSA,A,1,,,,,,,,,,,,,,,*00
$GPGSV,3,1,12,02,10,279,,03,07,151,,05,11,319,,06,14,234,*7E
$GPGSV,3,2,12,07,70,331,,08,05,099,,09,59,057,,16,07,035,*76
$GPGSV,3,3,12,23,34,088,,27,02,070,,28,17,187,,30,54,262,*7A
$GLGSV,2,1,06,78,47,234,,66,35,135,,77,65,002,,79,06,220,*61
$GLGSV,2,2,06,67,79,026,,68,27,329,*6B
$GPGGA,,,,,,0,,,,,,,,*66
$GNGNS,,,,,,NN,,,,,,*53
$GPVTG,,T,,M,,N,,K,N*2C
$GPRMC,,V,,,,,,,,,,N*53
$GPGSA,A,1,,,,,,,,,,,,,,,*1E
$GNGSA,A,1,,,,,,,,,,,,,,,*00
$GPGSV,3,1,12,02,10,279,,03,07,151,,05,11,319,,06,14,234,*7E
$GPGSV,3,2,12,07,70,331,,08,05,099,,09,59,057,,16,07,035,*76
$GPGSV,3,3,12,23,34,088,,27,02,070,,28,17,187,,30,54,262,*7A
$GLGSV,2,1,06,78,47,234,,66,35,135,,77,65,002,,79,06,220,*61
$GLGSV,2,2,06,67,79,026,,68,27,329,*6B
$GPGGA,,,,,,0,,,,,,,,*66
$GNGNS,,,,,,NN,,,,,,*53
$GPVTG,,T,,M,,N,,K,N*2C
$GPRMC,,V,,,,,,,,,,N*53
$GPGSA,A,1,,,,,,,,,,,,,,,*1E
$GNGSA,A,1,,,,,,,,,,,,,,,*00
$GPGSV,3,1,12,02,10,279,,03,07,151,,05,11,319,,06,14,234,*7E
$GPGSV,3,2,12,07,70,331,,08,05,099,,09,59,057,,16,07,035,*76
$GPGSV,3,3,12,23,34,088,,27,02,070,,28,17,187,,30,54,262,*7A
$GLGSV,2,1,06,78,47,234,,66,35,135,,77,65,002,,79,06,220,*61
$GLGSV,2,2,06,67,79,026,,68,27,329,*6B
$GPGGA,,,,,,0,,,,,,,,*66
$GNGNS,,,,,,NN,,,,,,*53
$GPVTG,,T,,M,,N,,K,N*2C
$GPRMC,,V,,,,,,,,,,N*53
$GPGSA,A,1,,,,,,,,,,,,,,,*1E
$GNGSA,A,1,,,,,,,,,,,,,,,*00
$GPGSV,3,1,12,02,10,279,,03,07,151,,05,11,319,,06,14,234,*7E
$GPGSV,3,2,12,07,70,331,,08,05,099,,09,59,057,,16,07,035,*76
$GPGSV,3,3,12,23,34,088,,27,02,070,,28,17,187,,30,54,262,*7A
$GLGSV,2,1,06,78,47,234,,66,35,135,,77,65,002,,79,06,220,*61
$GLGSV,2,2,06,67,79,026,,68,27,329,*6B
$GPGGA,,,,,,0,,,,,,,,*66
$GNGNS,,,,,,NN,,,,,,*53
$GPVTG,,T,,M,,N,,K,N*2C
$GPRMC,,V,,,,,,,,,,N*53
$GPGSA,A,1,,,,,,,,,,,,,,,*1E
$GNGSA,A,1,,,,,,,,,,,,,,,*00
$GPGSV,3,1,12,02,10,279,,03,07,151,,05,11,319,,06,14,234,*7E
$GPGSV,3,2,12,07,70,331,,08,05,099,,09,59,057,,16,07,035,*76
$GPGSV,3,3,12,23,34,088,,27,02,070,,28,17,187,,30,54,262,*7A
$GLGSV,2,1,06,78,47,234,,66,35,135,,77,65,002,,79,06,220,*61
$GLGSV,2,2,06,67,79,026,,68,27,329,*6B
$GPGGA,,,,,,0,,,,,,,,*66
$GNGNS,,,,,,NN,,,,,,*53
$GPVTG,,T,,M,,N,,K,N*2C
$GPRMC,,V,,,,,,,,,,N*53
$GPGSA,A,1,,,,,,,,,,,,,,,*1E
$GNGSA,A,1,,,,,,,,,,,,,,,*00
$GPGSV,3,1,12,02,10,279,,03,07,151,,05,11,319,,06,14,234,*7E
$GPGSV,3,2,12,07,70,331,,08,05,099,,09,59,057,,16,07,035,*76
$GPGSV,3,3,12,23,34,088,,27,02,070,,28,17,187,,30